x1 = -0.0472195
x2 = -0.0814609
x3 = 0.68279
x4 = -0.128261
x5 = -0.0539863
x6 = 0.307415
x7 = -0.0658938
x8 = 0.00503274
x9 = 0.532201
x10 = -0.153877
x11 = 0.0666642
x12 = 0.71198
x13 = 0.132139
x14 = 0.145148
x15 = 0.381549
x16 = -0.0077729
x17 = -0.0885166
x18 = 0.334022
x19 = 0.124895
x20 = 0.225918
x21 = -0.0922679
x22 = -0.102657
x23 = -0.0823105
x24 = 0.0921505
x25 = 0.159919
x26 = 0.699974
x27 = 0.0066732
x28 = 0.600622
x29 = 0.0399422
x30 = 0.60959
x31 = 0.168591
x32 = 0.431808
x33 = 0.697934
x34 = 0.703893
x35 = 0.330427
x36 = 0.257166
x37 = 0.544252
x38 = 0.178785
x39 = 0.281917
x40 = 0.672254
x41 = -0.0105752
x42 = -0.0319752
x43 = 0.487566
x44 = 0.445867
x45 = 0.0563483
x46 = -0.0417368
x47 = 0.0771407
x48 = 0.165337
x49 = 0.0510933
x50 = 0.523467
x51 = 0.330533
x52 = 0.289507
x53 = 0.353159
x54 = 0.699242
x55 = 0.105729
x56 = 0.408941
x57 = 0.439735
x58 = -0.116395
x59 = 0.284067
x60 = 0.650041
x61 = 0.610707
x62 = -0.227894
x63 = 0.260475
x64 = 0.745857
x65 = 0.589255
x66 = 0.427845
x67 = -0.0484801
x68 = 0.403613
x69 = -0.0479793
x70 = 0.31849
x71 = 0.0335694
x72 = -0.206873
x73 = -0.0306861
x74 = -0.0246759
x75 = 0.613331
x76 = 0.313378
x77 = 0.163144
x78 = 0.553481
x79 = 0.117574
x80 = 0.202368
x81 = 0.41852
x82 = -0.0774986
x83 = 0.616189
x84 = 0.150288
x85 = -0.0174731
x86 = 0.569745
x87 = 0.201201
x88 = 0.306042
x89 = 0.283081
x90 = -0.0579727
x91 = 0.0720197
x92 = 0.0335707
x93 = 0.614469
x94 = 0.0277339
x95 = 0.403671
x96 = 0.428655
x97 = 0.156649
x98 = 0.649788
x99 = 0.694444
x100 = 0.32914
x101 = 0.193849
x102 = 0.247409
x103 = 0.155897
x104 = -0.100062
x105 = 0.381994
x106 = 0.0399884
x107 = -0.0619571
x108 = 0.0339281
x109 = 0.6071
x110 = 0.0118799
x111 = 0.647198
x112 = 0.670849
x113 = 0.588585
x114 = 0.0661034
x115 = -0.159466
x116 = 0.455233
x117 = 0.386354
x118 = 0.0336998
x119 = -0.155838
x120 = 0.0804839
x121 = 0.16956
x122 = -0.15196
x123 = 0.0327057
x124 = 0.667244
x125 = 0.276326
x126 = -0.0185244
x127 = 0.705353
x128 = 0.620125
x129 = 0.49656
x130 = -0.0388769
x131 = 0.41088
x132 = 0.139187
x133 = 0.606384
x134 = 0.110928
x135 = -0.0770796
x136 = 0.316411
x137 = 0.258588
x138 = 0.0471364
x139 = -0.0785569
x140 = 0.377493
x141 = 0.624495
x142 = 0.0512715
x143 = 0.421603
x144 = 0.110885
x145 = -0.125557
x146 = 0.591443
x147 = 0.68188
x148 = 0.52892
x149 = 0.163344
x150 = 0.732009
x151 = 0.420751
x152 = 0.0815086
x153 = 0.591123
x154 = 0.587053
x155 = 0.576007
x156 = 0.0273103
x157 = 0.328215
x158 = 0.3482
x159 = 0.205802
x160 = -0.205563
x161 = 0.472869
x162 = 0.48755
x163 = -0.200893
x164 = 0.452927
x165 = 0.316798
x166 = 0.0058096
x167 = 0.279214
x168 = 0.02589
x169 = 0.0146481
x170 = 0.424554
x171 = 0.604125
x172 = 0.317148
x173 = 0.576189
x174 = 0.646792
x175 = -0.00981732
x176 = -0.063567
x177 = 0.186565
x178 = 0.231674
x179 = 0.517347
x180 = 0.452334
x181 = 0.167038
x182 = 0.297245
x183 = 0.645658
x184 = -0.135771
x185 = -0.0171437
x186 = 0.320267
x187 = -0.015803
x188 = 0.495223
x189 = -0.142722
x190 = 0.6659
x191 = 0.18677
x192 = 0.0752118
x193 = 0.116634
x194 = 0.253029
x195 = 0.660993
x196 = -0.0466943
x197 = 0.280684
x198 = -0.124529
x199 = -0.147567
x200 = 0.0210063
